{
 "cells": [
  {
   "cell_type": "markdown",
   "id": "4d794932-a61b-4786-a5a0-a18768dc2965",
   "metadata": {},
   "source": [
    "# 29: EL CONCEPTO DE LAS DISTANCIAS"
   ]
  },
  {
   "cell_type": "markdown",
   "id": "f55f4e7c-8717-4ec4-8c0a-7099ec302401",
   "metadata": {},
   "source": [
    "Esta lección se centra en aprender el concepto de la distancia entre diferentes observaciones."
   ]
  },
  {
   "cell_type": "code",
   "execution_count": 79,
   "id": "287e319b-2f79-467d-8ce2-92f9a194bc1a",
   "metadata": {},
   "outputs": [],
   "source": [
    "import pandas as pd\n",
    "import warnings"
   ]
  },
  {
   "cell_type": "code",
   "execution_count": 2,
   "id": "33aba852-46cb-4800-b8c2-6cd39672b3a2",
   "metadata": {},
   "outputs": [
    {
     "data": {
      "text/html": [
       "<div>\n",
       "<style scoped>\n",
       "    .dataframe tbody tr th:only-of-type {\n",
       "        vertical-align: middle;\n",
       "    }\n",
       "\n",
       "    .dataframe tbody tr th {\n",
       "        vertical-align: top;\n",
       "    }\n",
       "\n",
       "    .dataframe thead th {\n",
       "        text-align: right;\n",
       "    }\n",
       "</style>\n",
       "<table border=\"1\" class=\"dataframe\">\n",
       "  <thead>\n",
       "    <tr style=\"text-align: right;\">\n",
       "      <th></th>\n",
       "      <th>user_id</th>\n",
       "      <th>star_wars</th>\n",
       "      <th>lord_of_the_rings</th>\n",
       "      <th>harry_potter</th>\n",
       "    </tr>\n",
       "  </thead>\n",
       "  <tbody>\n",
       "    <tr>\n",
       "      <th>0</th>\n",
       "      <td>1</td>\n",
       "      <td>1.2</td>\n",
       "      <td>4.9</td>\n",
       "      <td>2.1</td>\n",
       "    </tr>\n",
       "    <tr>\n",
       "      <th>1</th>\n",
       "      <td>2</td>\n",
       "      <td>2.1</td>\n",
       "      <td>8.1</td>\n",
       "      <td>7.9</td>\n",
       "    </tr>\n",
       "    <tr>\n",
       "      <th>2</th>\n",
       "      <td>3</td>\n",
       "      <td>7.4</td>\n",
       "      <td>3.0</td>\n",
       "      <td>9.9</td>\n",
       "    </tr>\n",
       "    <tr>\n",
       "      <th>3</th>\n",
       "      <td>4</td>\n",
       "      <td>5.6</td>\n",
       "      <td>0.5</td>\n",
       "      <td>1.8</td>\n",
       "    </tr>\n",
       "    <tr>\n",
       "      <th>4</th>\n",
       "      <td>5</td>\n",
       "      <td>1.5</td>\n",
       "      <td>8.3</td>\n",
       "      <td>2.6</td>\n",
       "    </tr>\n",
       "    <tr>\n",
       "      <th>5</th>\n",
       "      <td>6</td>\n",
       "      <td>2.5</td>\n",
       "      <td>3.7</td>\n",
       "      <td>6.5</td>\n",
       "    </tr>\n",
       "    <tr>\n",
       "      <th>6</th>\n",
       "      <td>7</td>\n",
       "      <td>2.0</td>\n",
       "      <td>8.2</td>\n",
       "      <td>8.5</td>\n",
       "    </tr>\n",
       "    <tr>\n",
       "      <th>7</th>\n",
       "      <td>8</td>\n",
       "      <td>1.8</td>\n",
       "      <td>9.3</td>\n",
       "      <td>4.5</td>\n",
       "    </tr>\n",
       "    <tr>\n",
       "      <th>8</th>\n",
       "      <td>9</td>\n",
       "      <td>2.6</td>\n",
       "      <td>1.7</td>\n",
       "      <td>3.1</td>\n",
       "    </tr>\n",
       "    <tr>\n",
       "      <th>9</th>\n",
       "      <td>10</td>\n",
       "      <td>1.5</td>\n",
       "      <td>4.7</td>\n",
       "      <td>2.3</td>\n",
       "    </tr>\n",
       "  </tbody>\n",
       "</table>\n",
       "</div>"
      ],
      "text/plain": [
       "   user_id  star_wars  lord_of_the_rings  harry_potter\n",
       "0        1        1.2                4.9           2.1\n",
       "1        2        2.1                8.1           7.9\n",
       "2        3        7.4                3.0           9.9\n",
       "3        4        5.6                0.5           1.8\n",
       "4        5        1.5                8.3           2.6\n",
       "5        6        2.5                3.7           6.5\n",
       "6        7        2.0                8.2           8.5\n",
       "7        8        1.8                9.3           4.5\n",
       "8        9        2.6                1.7           3.1\n",
       "9       10        1.5                4.7           2.3"
      ]
     },
     "execution_count": 2,
     "metadata": {},
     "output_type": "execute_result"
    }
   ],
   "source": [
    "# Cargamos los datos que utilizaremos para el ejemplo\n",
    "\n",
    "data = pd.read_csv('../../Recursos_curso/datasets/movies/movies.csv', sep = ';')\n",
    "data "
   ]
  },
  {
   "cell_type": "markdown",
   "id": "b437ab35-eba6-4454-a078-850722217710",
   "metadata": {},
   "source": [
    "Este dataset consta de 10 usuarios que le han dado una puntuación a 3 peliculas. El objetivo será ver cuanto de similares son entre ellos"
   ]
  },
  {
   "cell_type": "markdown",
   "id": "5b1cceb4-c092-433d-8fa1-bdbe4cf85a71",
   "metadata": {},
   "source": [
    "### Calcular la distancia que hay entre las diferentes categorias mediante la matriz de distancia"
   ]
  },
  {
   "cell_type": "code",
   "execution_count": 3,
   "id": "4e1eff34-bd3c-46e2-99a1-ffee0bc4d96c",
   "metadata": {},
   "outputs": [],
   "source": [
    "# cargamos la libreria para calcular las distancias\n",
    "\n",
    "from scipy.spatial import distance_matrix"
   ]
  },
  {
   "cell_type": "code",
   "execution_count": 4,
   "id": "a657876f-c1d9-41b8-97fc-5d45e41a5426",
   "metadata": {},
   "outputs": [],
   "source": [
    "# Calcular una matriz de distancias respecto a las categoria 'star_wars', 'harry_potter' y 'lord of the rings'\n",
    "\n",
    "matriz_1 = distance_matrix(data[['star_wars', 'lord_of_the_rings', 'harry_potter']], # es la x\n",
    "                            data[['star_wars', 'lord_of_the_rings', 'harry_potter']], # es la y\n",
    "                            p = 1) # esto hacer referencia al tipo de bondad que se quiera utilizar para calcular la distancia"
   ]
  },
  {
   "cell_type": "code",
   "execution_count": 5,
   "id": "2a678309-4b99-4e05-aeab-24df48d3a455",
   "metadata": {},
   "outputs": [
    {
     "data": {
      "text/plain": [
       "array([[ 0. ,  9.9, 15.9,  9.1,  4.2,  6.9, 10.5,  7.4,  5.6,  0.7],\n",
       "       [ 9.9,  0. , 12.4, 17.2,  6.1,  6.2,  0.8,  4.9, 11.7,  9.6],\n",
       "       [15.9, 12.4,  0. , 12.4, 18.5,  9. , 12. , 17.3, 12.9, 15.2],\n",
       "       [ 9.1, 17.2, 12.4,  0. , 12.7, 11. , 18. , 15.3,  5.5,  8.8],\n",
       "       [ 4.2,  6.1, 18.5, 12.7,  0. ,  9.5,  6.5,  3.2,  8.2,  3.9],\n",
       "       [ 6.9,  6.2,  9. , 11. ,  9.5,  0. ,  7. ,  8.3,  5.5,  6.2],\n",
       "       [10.5,  0.8, 12. , 18. ,  6.5,  7. ,  0. ,  5.3, 12.5, 10.2],\n",
       "       [ 7.4,  4.9, 17.3, 15.3,  3.2,  8.3,  5.3,  0. ,  9.8,  7.1],\n",
       "       [ 5.6, 11.7, 12.9,  5.5,  8.2,  5.5, 12.5,  9.8,  0. ,  4.9],\n",
       "       [ 0.7,  9.6, 15.2,  8.8,  3.9,  6.2, 10.2,  7.1,  4.9,  0. ]])"
      ]
     },
     "execution_count": 5,
     "metadata": {},
     "output_type": "execute_result"
    }
   ],
   "source": [
    "matriz_1 # esto retorna un array"
   ]
  },
  {
   "cell_type": "code",
   "execution_count": 6,
   "id": "4ae32820-3680-4acc-b2c5-bc6675779e66",
   "metadata": {},
   "outputs": [
    {
     "data": {
      "text/html": [
       "<div>\n",
       "<style scoped>\n",
       "    .dataframe tbody tr th:only-of-type {\n",
       "        vertical-align: middle;\n",
       "    }\n",
       "\n",
       "    .dataframe tbody tr th {\n",
       "        vertical-align: top;\n",
       "    }\n",
       "\n",
       "    .dataframe thead th {\n",
       "        text-align: right;\n",
       "    }\n",
       "</style>\n",
       "<table border=\"1\" class=\"dataframe\">\n",
       "  <thead>\n",
       "    <tr style=\"text-align: right;\">\n",
       "      <th></th>\n",
       "      <th>0</th>\n",
       "      <th>1</th>\n",
       "      <th>2</th>\n",
       "      <th>3</th>\n",
       "      <th>4</th>\n",
       "      <th>5</th>\n",
       "      <th>6</th>\n",
       "      <th>7</th>\n",
       "      <th>8</th>\n",
       "      <th>9</th>\n",
       "    </tr>\n",
       "  </thead>\n",
       "  <tbody>\n",
       "    <tr>\n",
       "      <th>0</th>\n",
       "      <td>0.0</td>\n",
       "      <td>9.9</td>\n",
       "      <td>15.9</td>\n",
       "      <td>9.1</td>\n",
       "      <td>4.2</td>\n",
       "      <td>6.9</td>\n",
       "      <td>10.5</td>\n",
       "      <td>7.4</td>\n",
       "      <td>5.6</td>\n",
       "      <td>0.7</td>\n",
       "    </tr>\n",
       "    <tr>\n",
       "      <th>1</th>\n",
       "      <td>9.9</td>\n",
       "      <td>0.0</td>\n",
       "      <td>12.4</td>\n",
       "      <td>17.2</td>\n",
       "      <td>6.1</td>\n",
       "      <td>6.2</td>\n",
       "      <td>0.8</td>\n",
       "      <td>4.9</td>\n",
       "      <td>11.7</td>\n",
       "      <td>9.6</td>\n",
       "    </tr>\n",
       "    <tr>\n",
       "      <th>2</th>\n",
       "      <td>15.9</td>\n",
       "      <td>12.4</td>\n",
       "      <td>0.0</td>\n",
       "      <td>12.4</td>\n",
       "      <td>18.5</td>\n",
       "      <td>9.0</td>\n",
       "      <td>12.0</td>\n",
       "      <td>17.3</td>\n",
       "      <td>12.9</td>\n",
       "      <td>15.2</td>\n",
       "    </tr>\n",
       "    <tr>\n",
       "      <th>3</th>\n",
       "      <td>9.1</td>\n",
       "      <td>17.2</td>\n",
       "      <td>12.4</td>\n",
       "      <td>0.0</td>\n",
       "      <td>12.7</td>\n",
       "      <td>11.0</td>\n",
       "      <td>18.0</td>\n",
       "      <td>15.3</td>\n",
       "      <td>5.5</td>\n",
       "      <td>8.8</td>\n",
       "    </tr>\n",
       "    <tr>\n",
       "      <th>4</th>\n",
       "      <td>4.2</td>\n",
       "      <td>6.1</td>\n",
       "      <td>18.5</td>\n",
       "      <td>12.7</td>\n",
       "      <td>0.0</td>\n",
       "      <td>9.5</td>\n",
       "      <td>6.5</td>\n",
       "      <td>3.2</td>\n",
       "      <td>8.2</td>\n",
       "      <td>3.9</td>\n",
       "    </tr>\n",
       "    <tr>\n",
       "      <th>5</th>\n",
       "      <td>6.9</td>\n",
       "      <td>6.2</td>\n",
       "      <td>9.0</td>\n",
       "      <td>11.0</td>\n",
       "      <td>9.5</td>\n",
       "      <td>0.0</td>\n",
       "      <td>7.0</td>\n",
       "      <td>8.3</td>\n",
       "      <td>5.5</td>\n",
       "      <td>6.2</td>\n",
       "    </tr>\n",
       "    <tr>\n",
       "      <th>6</th>\n",
       "      <td>10.5</td>\n",
       "      <td>0.8</td>\n",
       "      <td>12.0</td>\n",
       "      <td>18.0</td>\n",
       "      <td>6.5</td>\n",
       "      <td>7.0</td>\n",
       "      <td>0.0</td>\n",
       "      <td>5.3</td>\n",
       "      <td>12.5</td>\n",
       "      <td>10.2</td>\n",
       "    </tr>\n",
       "    <tr>\n",
       "      <th>7</th>\n",
       "      <td>7.4</td>\n",
       "      <td>4.9</td>\n",
       "      <td>17.3</td>\n",
       "      <td>15.3</td>\n",
       "      <td>3.2</td>\n",
       "      <td>8.3</td>\n",
       "      <td>5.3</td>\n",
       "      <td>0.0</td>\n",
       "      <td>9.8</td>\n",
       "      <td>7.1</td>\n",
       "    </tr>\n",
       "    <tr>\n",
       "      <th>8</th>\n",
       "      <td>5.6</td>\n",
       "      <td>11.7</td>\n",
       "      <td>12.9</td>\n",
       "      <td>5.5</td>\n",
       "      <td>8.2</td>\n",
       "      <td>5.5</td>\n",
       "      <td>12.5</td>\n",
       "      <td>9.8</td>\n",
       "      <td>0.0</td>\n",
       "      <td>4.9</td>\n",
       "    </tr>\n",
       "    <tr>\n",
       "      <th>9</th>\n",
       "      <td>0.7</td>\n",
       "      <td>9.6</td>\n",
       "      <td>15.2</td>\n",
       "      <td>8.8</td>\n",
       "      <td>3.9</td>\n",
       "      <td>6.2</td>\n",
       "      <td>10.2</td>\n",
       "      <td>7.1</td>\n",
       "      <td>4.9</td>\n",
       "      <td>0.0</td>\n",
       "    </tr>\n",
       "  </tbody>\n",
       "</table>\n",
       "</div>"
      ],
      "text/plain": [
       "      0     1     2     3     4     5     6     7     8     9\n",
       "0   0.0   9.9  15.9   9.1   4.2   6.9  10.5   7.4   5.6   0.7\n",
       "1   9.9   0.0  12.4  17.2   6.1   6.2   0.8   4.9  11.7   9.6\n",
       "2  15.9  12.4   0.0  12.4  18.5   9.0  12.0  17.3  12.9  15.2\n",
       "3   9.1  17.2  12.4   0.0  12.7  11.0  18.0  15.3   5.5   8.8\n",
       "4   4.2   6.1  18.5  12.7   0.0   9.5   6.5   3.2   8.2   3.9\n",
       "5   6.9   6.2   9.0  11.0   9.5   0.0   7.0   8.3   5.5   6.2\n",
       "6  10.5   0.8  12.0  18.0   6.5   7.0   0.0   5.3  12.5  10.2\n",
       "7   7.4   4.9  17.3  15.3   3.2   8.3   5.3   0.0   9.8   7.1\n",
       "8   5.6  11.7  12.9   5.5   8.2   5.5  12.5   9.8   0.0   4.9\n",
       "9   0.7   9.6  15.2   8.8   3.9   6.2  10.2   7.1   4.9   0.0"
      ]
     },
     "execution_count": 6,
     "metadata": {},
     "output_type": "execute_result"
    }
   ],
   "source": [
    "# convertir el array en un dataframe para visualizarlo y hacer plots\n",
    "\n",
    "pd.DataFrame(matriz_1)"
   ]
  },
  {
   "cell_type": "markdown",
   "id": "c2b2a959-f10b-48b2-a7da-de564965a9a1",
   "metadata": {},
   "source": [
    "### Función para hacer una matriz de distancias con diferentes p"
   ]
  },
  {
   "cell_type": "code",
   "execution_count": 102,
   "id": "c66dc2ed-06b0-447c-89b1-1d84ae642bfc",
   "metadata": {},
   "outputs": [],
   "source": [
    "def matriz_distancias(datos, p_number, name):\n",
    "\n",
    "    categorias = datos.columns.values.tolist()[1:] # toma el título de las columnas excepto el primero que será el id de los usuarios\n",
    "    matriz = distance_matrix(datos[categorias], datos[categorias], p = p_number)\n",
    "    return pd.DataFrame(matriz, index = name, columns = name) # esto sirve para poner el nombre a los ejes"
   ]
  },
  {
   "cell_type": "code",
   "execution_count": 103,
   "id": "4d408d04-29e1-48c6-a556-66654080b6f7",
   "metadata": {},
   "outputs": [
    {
     "data": {
      "text/html": [
       "<div>\n",
       "<style scoped>\n",
       "    .dataframe tbody tr th:only-of-type {\n",
       "        vertical-align: middle;\n",
       "    }\n",
       "\n",
       "    .dataframe tbody tr th {\n",
       "        vertical-align: top;\n",
       "    }\n",
       "\n",
       "    .dataframe thead th {\n",
       "        text-align: right;\n",
       "    }\n",
       "</style>\n",
       "<table border=\"1\" class=\"dataframe\">\n",
       "  <thead>\n",
       "    <tr style=\"text-align: right;\">\n",
       "      <th>user_id</th>\n",
       "      <th>1</th>\n",
       "      <th>2</th>\n",
       "      <th>3</th>\n",
       "      <th>4</th>\n",
       "      <th>5</th>\n",
       "      <th>6</th>\n",
       "      <th>7</th>\n",
       "      <th>8</th>\n",
       "      <th>9</th>\n",
       "      <th>10</th>\n",
       "    </tr>\n",
       "    <tr>\n",
       "      <th>user_id</th>\n",
       "      <th></th>\n",
       "      <th></th>\n",
       "      <th></th>\n",
       "      <th></th>\n",
       "      <th></th>\n",
       "      <th></th>\n",
       "      <th></th>\n",
       "      <th></th>\n",
       "      <th></th>\n",
       "      <th></th>\n",
       "    </tr>\n",
       "  </thead>\n",
       "  <tbody>\n",
       "    <tr>\n",
       "      <th>1</th>\n",
       "      <td>0.0</td>\n",
       "      <td>9.9</td>\n",
       "      <td>15.9</td>\n",
       "      <td>9.1</td>\n",
       "      <td>4.2</td>\n",
       "      <td>6.9</td>\n",
       "      <td>10.5</td>\n",
       "      <td>7.4</td>\n",
       "      <td>5.6</td>\n",
       "      <td>0.7</td>\n",
       "    </tr>\n",
       "    <tr>\n",
       "      <th>2</th>\n",
       "      <td>9.9</td>\n",
       "      <td>0.0</td>\n",
       "      <td>12.4</td>\n",
       "      <td>17.2</td>\n",
       "      <td>6.1</td>\n",
       "      <td>6.2</td>\n",
       "      <td>0.8</td>\n",
       "      <td>4.9</td>\n",
       "      <td>11.7</td>\n",
       "      <td>9.6</td>\n",
       "    </tr>\n",
       "    <tr>\n",
       "      <th>3</th>\n",
       "      <td>15.9</td>\n",
       "      <td>12.4</td>\n",
       "      <td>0.0</td>\n",
       "      <td>12.4</td>\n",
       "      <td>18.5</td>\n",
       "      <td>9.0</td>\n",
       "      <td>12.0</td>\n",
       "      <td>17.3</td>\n",
       "      <td>12.9</td>\n",
       "      <td>15.2</td>\n",
       "    </tr>\n",
       "    <tr>\n",
       "      <th>4</th>\n",
       "      <td>9.1</td>\n",
       "      <td>17.2</td>\n",
       "      <td>12.4</td>\n",
       "      <td>0.0</td>\n",
       "      <td>12.7</td>\n",
       "      <td>11.0</td>\n",
       "      <td>18.0</td>\n",
       "      <td>15.3</td>\n",
       "      <td>5.5</td>\n",
       "      <td>8.8</td>\n",
       "    </tr>\n",
       "    <tr>\n",
       "      <th>5</th>\n",
       "      <td>4.2</td>\n",
       "      <td>6.1</td>\n",
       "      <td>18.5</td>\n",
       "      <td>12.7</td>\n",
       "      <td>0.0</td>\n",
       "      <td>9.5</td>\n",
       "      <td>6.5</td>\n",
       "      <td>3.2</td>\n",
       "      <td>8.2</td>\n",
       "      <td>3.9</td>\n",
       "    </tr>\n",
       "    <tr>\n",
       "      <th>6</th>\n",
       "      <td>6.9</td>\n",
       "      <td>6.2</td>\n",
       "      <td>9.0</td>\n",
       "      <td>11.0</td>\n",
       "      <td>9.5</td>\n",
       "      <td>0.0</td>\n",
       "      <td>7.0</td>\n",
       "      <td>8.3</td>\n",
       "      <td>5.5</td>\n",
       "      <td>6.2</td>\n",
       "    </tr>\n",
       "    <tr>\n",
       "      <th>7</th>\n",
       "      <td>10.5</td>\n",
       "      <td>0.8</td>\n",
       "      <td>12.0</td>\n",
       "      <td>18.0</td>\n",
       "      <td>6.5</td>\n",
       "      <td>7.0</td>\n",
       "      <td>0.0</td>\n",
       "      <td>5.3</td>\n",
       "      <td>12.5</td>\n",
       "      <td>10.2</td>\n",
       "    </tr>\n",
       "    <tr>\n",
       "      <th>8</th>\n",
       "      <td>7.4</td>\n",
       "      <td>4.9</td>\n",
       "      <td>17.3</td>\n",
       "      <td>15.3</td>\n",
       "      <td>3.2</td>\n",
       "      <td>8.3</td>\n",
       "      <td>5.3</td>\n",
       "      <td>0.0</td>\n",
       "      <td>9.8</td>\n",
       "      <td>7.1</td>\n",
       "    </tr>\n",
       "    <tr>\n",
       "      <th>9</th>\n",
       "      <td>5.6</td>\n",
       "      <td>11.7</td>\n",
       "      <td>12.9</td>\n",
       "      <td>5.5</td>\n",
       "      <td>8.2</td>\n",
       "      <td>5.5</td>\n",
       "      <td>12.5</td>\n",
       "      <td>9.8</td>\n",
       "      <td>0.0</td>\n",
       "      <td>4.9</td>\n",
       "    </tr>\n",
       "    <tr>\n",
       "      <th>10</th>\n",
       "      <td>0.7</td>\n",
       "      <td>9.6</td>\n",
       "      <td>15.2</td>\n",
       "      <td>8.8</td>\n",
       "      <td>3.9</td>\n",
       "      <td>6.2</td>\n",
       "      <td>10.2</td>\n",
       "      <td>7.1</td>\n",
       "      <td>4.9</td>\n",
       "      <td>0.0</td>\n",
       "    </tr>\n",
       "  </tbody>\n",
       "</table>\n",
       "</div>"
      ],
      "text/plain": [
       "user_id    1     2     3     4     5     6     7     8     9     10\n",
       "user_id                                                            \n",
       "1         0.0   9.9  15.9   9.1   4.2   6.9  10.5   7.4   5.6   0.7\n",
       "2         9.9   0.0  12.4  17.2   6.1   6.2   0.8   4.9  11.7   9.6\n",
       "3        15.9  12.4   0.0  12.4  18.5   9.0  12.0  17.3  12.9  15.2\n",
       "4         9.1  17.2  12.4   0.0  12.7  11.0  18.0  15.3   5.5   8.8\n",
       "5         4.2   6.1  18.5  12.7   0.0   9.5   6.5   3.2   8.2   3.9\n",
       "6         6.9   6.2   9.0  11.0   9.5   0.0   7.0   8.3   5.5   6.2\n",
       "7        10.5   0.8  12.0  18.0   6.5   7.0   0.0   5.3  12.5  10.2\n",
       "8         7.4   4.9  17.3  15.3   3.2   8.3   5.3   0.0   9.8   7.1\n",
       "9         5.6  11.7  12.9   5.5   8.2   5.5  12.5   9.8   0.0   4.9\n",
       "10        0.7   9.6  15.2   8.8   3.9   6.2  10.2   7.1   4.9   0.0"
      ]
     },
     "execution_count": 103,
     "metadata": {},
     "output_type": "execute_result"
    }
   ],
   "source": [
    "matriz_distancias(data, 1, data[\"user_id\"])"
   ]
  },
  {
   "cell_type": "code",
   "execution_count": 9,
   "id": "1ee4abd4-9eea-4ff5-8ced-7278358ac1dc",
   "metadata": {},
   "outputs": [
    {
     "data": {
      "text/html": [
       "<div>\n",
       "<style scoped>\n",
       "    .dataframe tbody tr th:only-of-type {\n",
       "        vertical-align: middle;\n",
       "    }\n",
       "\n",
       "    .dataframe tbody tr th {\n",
       "        vertical-align: top;\n",
       "    }\n",
       "\n",
       "    .dataframe thead th {\n",
       "        text-align: right;\n",
       "    }\n",
       "</style>\n",
       "<table border=\"1\" class=\"dataframe\">\n",
       "  <thead>\n",
       "    <tr style=\"text-align: right;\">\n",
       "      <th></th>\n",
       "      <th>0</th>\n",
       "      <th>1</th>\n",
       "      <th>2</th>\n",
       "      <th>3</th>\n",
       "      <th>4</th>\n",
       "      <th>5</th>\n",
       "      <th>6</th>\n",
       "      <th>7</th>\n",
       "      <th>8</th>\n",
       "      <th>9</th>\n",
       "    </tr>\n",
       "  </thead>\n",
       "  <tbody>\n",
       "    <tr>\n",
       "      <th>0</th>\n",
       "      <td>0.000000</td>\n",
       "      <td>6.685058</td>\n",
       "      <td>10.143471</td>\n",
       "      <td>6.229767</td>\n",
       "      <td>3.449638</td>\n",
       "      <td>4.742362</td>\n",
       "      <td>7.244998</td>\n",
       "      <td>5.047772</td>\n",
       "      <td>3.633180</td>\n",
       "      <td>0.412311</td>\n",
       "    </tr>\n",
       "    <tr>\n",
       "      <th>1</th>\n",
       "      <td>6.685058</td>\n",
       "      <td>0.000000</td>\n",
       "      <td>7.622336</td>\n",
       "      <td>10.354709</td>\n",
       "      <td>5.337602</td>\n",
       "      <td>4.634652</td>\n",
       "      <td>0.616441</td>\n",
       "      <td>3.618011</td>\n",
       "      <td>8.015610</td>\n",
       "      <td>6.578754</td>\n",
       "    </tr>\n",
       "    <tr>\n",
       "      <th>2</th>\n",
       "      <td>10.143471</td>\n",
       "      <td>7.622336</td>\n",
       "      <td>0.000000</td>\n",
       "      <td>8.666026</td>\n",
       "      <td>10.779147</td>\n",
       "      <td>6.004998</td>\n",
       "      <td>7.626270</td>\n",
       "      <td>10.010494</td>\n",
       "      <td>8.424369</td>\n",
       "      <td>9.770363</td>\n",
       "    </tr>\n",
       "    <tr>\n",
       "      <th>3</th>\n",
       "      <td>6.229767</td>\n",
       "      <td>10.354709</td>\n",
       "      <td>8.666026</td>\n",
       "      <td>0.000000</td>\n",
       "      <td>8.848164</td>\n",
       "      <td>6.476110</td>\n",
       "      <td>10.823123</td>\n",
       "      <td>9.958414</td>\n",
       "      <td>3.482815</td>\n",
       "      <td>5.890671</td>\n",
       "    </tr>\n",
       "    <tr>\n",
       "      <th>4</th>\n",
       "      <td>3.449638</td>\n",
       "      <td>5.337602</td>\n",
       "      <td>10.779147</td>\n",
       "      <td>8.848164</td>\n",
       "      <td>0.000000</td>\n",
       "      <td>6.113101</td>\n",
       "      <td>5.921993</td>\n",
       "      <td>2.167948</td>\n",
       "      <td>6.709694</td>\n",
       "      <td>3.612478</td>\n",
       "    </tr>\n",
       "    <tr>\n",
       "      <th>5</th>\n",
       "      <td>4.742362</td>\n",
       "      <td>4.634652</td>\n",
       "      <td>6.004998</td>\n",
       "      <td>6.476110</td>\n",
       "      <td>6.113101</td>\n",
       "      <td>0.000000</td>\n",
       "      <td>4.949747</td>\n",
       "      <td>5.987487</td>\n",
       "      <td>3.945884</td>\n",
       "      <td>4.431704</td>\n",
       "    </tr>\n",
       "    <tr>\n",
       "      <th>6</th>\n",
       "      <td>7.244998</td>\n",
       "      <td>0.616441</td>\n",
       "      <td>7.626270</td>\n",
       "      <td>10.823123</td>\n",
       "      <td>5.921993</td>\n",
       "      <td>4.949747</td>\n",
       "      <td>0.000000</td>\n",
       "      <td>4.153312</td>\n",
       "      <td>8.471718</td>\n",
       "      <td>7.137226</td>\n",
       "    </tr>\n",
       "    <tr>\n",
       "      <th>7</th>\n",
       "      <td>5.047772</td>\n",
       "      <td>3.618011</td>\n",
       "      <td>10.010494</td>\n",
       "      <td>9.958414</td>\n",
       "      <td>2.167948</td>\n",
       "      <td>5.987487</td>\n",
       "      <td>4.153312</td>\n",
       "      <td>0.000000</td>\n",
       "      <td>7.769170</td>\n",
       "      <td>5.107837</td>\n",
       "    </tr>\n",
       "    <tr>\n",
       "      <th>8</th>\n",
       "      <td>3.633180</td>\n",
       "      <td>8.015610</td>\n",
       "      <td>8.424369</td>\n",
       "      <td>3.482815</td>\n",
       "      <td>6.709694</td>\n",
       "      <td>3.945884</td>\n",
       "      <td>8.471718</td>\n",
       "      <td>7.769170</td>\n",
       "      <td>0.000000</td>\n",
       "      <td>3.293934</td>\n",
       "    </tr>\n",
       "    <tr>\n",
       "      <th>9</th>\n",
       "      <td>0.412311</td>\n",
       "      <td>6.578754</td>\n",
       "      <td>9.770363</td>\n",
       "      <td>5.890671</td>\n",
       "      <td>3.612478</td>\n",
       "      <td>4.431704</td>\n",
       "      <td>7.137226</td>\n",
       "      <td>5.107837</td>\n",
       "      <td>3.293934</td>\n",
       "      <td>0.000000</td>\n",
       "    </tr>\n",
       "  </tbody>\n",
       "</table>\n",
       "</div>"
      ],
      "text/plain": [
       "           0          1          2          3          4         5          6  \\\n",
       "0   0.000000   6.685058  10.143471   6.229767   3.449638  4.742362   7.244998   \n",
       "1   6.685058   0.000000   7.622336  10.354709   5.337602  4.634652   0.616441   \n",
       "2  10.143471   7.622336   0.000000   8.666026  10.779147  6.004998   7.626270   \n",
       "3   6.229767  10.354709   8.666026   0.000000   8.848164  6.476110  10.823123   \n",
       "4   3.449638   5.337602  10.779147   8.848164   0.000000  6.113101   5.921993   \n",
       "5   4.742362   4.634652   6.004998   6.476110   6.113101  0.000000   4.949747   \n",
       "6   7.244998   0.616441   7.626270  10.823123   5.921993  4.949747   0.000000   \n",
       "7   5.047772   3.618011  10.010494   9.958414   2.167948  5.987487   4.153312   \n",
       "8   3.633180   8.015610   8.424369   3.482815   6.709694  3.945884   8.471718   \n",
       "9   0.412311   6.578754   9.770363   5.890671   3.612478  4.431704   7.137226   \n",
       "\n",
       "           7         8         9  \n",
       "0   5.047772  3.633180  0.412311  \n",
       "1   3.618011  8.015610  6.578754  \n",
       "2  10.010494  8.424369  9.770363  \n",
       "3   9.958414  3.482815  5.890671  \n",
       "4   2.167948  6.709694  3.612478  \n",
       "5   5.987487  3.945884  4.431704  \n",
       "6   4.153312  8.471718  7.137226  \n",
       "7   0.000000  7.769170  5.107837  \n",
       "8   7.769170  0.000000  3.293934  \n",
       "9   5.107837  3.293934  0.000000  "
      ]
     },
     "execution_count": 9,
     "metadata": {},
     "output_type": "execute_result"
    }
   ],
   "source": [
    "matriz_distancias(data, 2, data[\"user_id\"])"
   ]
  },
  {
   "cell_type": "markdown",
   "id": "9cbf6bca-e342-49cd-8ca0-aafe912d38b8",
   "metadata": {},
   "source": [
    "### Plot para visualizar los diferentes usuarios en 3D"
   ]
  },
  {
   "cell_type": "code",
   "execution_count": 10,
   "id": "214c512e-7c00-40fe-afef-0017af7d79db",
   "metadata": {},
   "outputs": [],
   "source": [
    "from matplotlib import pyplot as plt\n",
    "from mpl_toolkits.mplot3d import Axes3D"
   ]
  },
  {
   "cell_type": "code",
   "execution_count": 11,
   "id": "e8a0860c-1245-45be-a2a8-d05a2cd48605",
   "metadata": {},
   "outputs": [
    {
     "data": {
      "text/plain": [
       "<mpl_toolkits.mplot3d.art3d.Path3DCollection at 0x2017939bb90>"
      ]
     },
     "execution_count": 11,
     "metadata": {},
     "output_type": "execute_result"
    },
    {
     "data": {
